{"config": {"alpha": 1.0, "d": 25, "n_actions": 6}, "As": [[[409.0, 0.0, 0.0, 0.0, 0.0, 83.0, 110.0, 115.0, 100.0, 111.0, 120.0, 90.0, 87.0, 47.0, 86.0, 121.0, 154.0, 23.0, 34.0, 139.0, 212.0, 256.0, 335.0, 258.0, 169.0], [0.0, 449.0, 0.0, 0.0, 0.0, 63.0, 117.0, 128.0, 140.0, 129.0, 117.0, 116.0, 86.0, 62.0, 86.0, 122.0, 178.0, 29.0, 33.0, 158.0, 228.0, 289.0, 357.0, 294.0, 163.0], [0.0, 0.0, 661.0, 0.0, 0.0, 113.0, 183.0, 191.0, 173.0, 189.0, 205.0, 137.0, 129.0, 116.0, 133.0, 177.0, 234.0, 39.0, 43.0, 226.0, 352.0, 363.0, 384.0, 425.0, 328.0], [0.0, 0.0, 0.0, 644.0, 0.0, 133.0, 175.0, 181.0, 154.0, 194.0, 175.0, 134.0, 140.0, 107.0, 156.0, 169.0, 211.0, 80.0, 97.0, 215.0, 251.0, 387.0, 506.0, 391.0, 235.0], [0.0, 0.0, 0.0, 0.0, 398.0, 67.0, 109.0, 107.0, 114.0, 107.0, 113.0, 86.0, 91.0, 61.0, 94.0, 116.0, 126.0, 21.0, 25.0, 142.0, 209.0, 240.0, 333.0, 256.0, 166.0], [83.0, 63.0, 113.0, 133.0, 67.0, 460.0, 0.0, 0.0, 0.0, 131.0, 146.0, 96.0, 86.0, 60.0, 96.0, 133.0, 170.0, 10.0, 10.0, 163.0, 276.0, 278.0, 348.0, 293.0, 194.0], [110.0, 117.0, 183.0, 175.0, 109.0, 0.0, 695.0, 0.0, 0.0, 195.0, 194.0, 151.0, 154.0, 112.0, 152.0, 189.0, 241.0, 60.0, 77.0, 212.0, 345.0, 419.0, 528.0, 431.0, 290.0], [115.0, 128.0, 191.0, 181.0, 107.0, 0.0, 0.0, 723.0, 0.0, 200.0, 198.0, 163.0, 161.0, 109.0, 162.0, 202.0, 249.0, 61.0, 76.0, 276.0, 309.0, 446.0, 536.0, 472.0, 309.0], [100.0, 140.0, 173.0, 154.0, 114.0, 0.0, 0.0, 0.0, 682.0, 204.0, 192.0, 153.0, 132.0, 112.0, 145.0, 181.0, 243.0, 61.0, 69.0, 229.0, 322.0, 392.0, 503.0, 428.0, 268.0], [111.0, 129.0, 189.0, 194.0, 107.0, 131.0, 195.0, 200.0, 204.0, 731.0, 0.0, 0.0, 0.0, 119.0, 161.0, 201.0, 249.0, 75.0, 83.0, 241.0, 331.0, 450.0, 547.0, 463.0, 298.0], [120.0, 117.0, 205.0, 175.0, 113.0, 146.0, 194.0, 198.0, 192.0, 0.0, 731.0, 0.0, 0.0, 113.0, 158.0, 211.0, 248.0, 68.0, 91.0, 254.0, 317.0, 435.0, 535.0, 473.0, 304.0], [90.0, 116.0, 137.0, 134.0, 86.0, 96.0, 151.0, 163.0, 153.0, 0.0, 0.0, 564.0, 0.0, 83.0, 119.0, 153.0, 208.0, 24.0, 34.0, 203.0, 302.0, 328.0, 418.0, 365.0, 216.0], [87.0, 86.0, 129.0, 140.0, 91.0, 86.0, 154.0, 161.0, 132.0, 0.0, 0.0, 0.0, 534.0, 78.0, 117.0, 140.0, 198.0, 25.0, 24.0, 182.0, 302.0, 322.0, 415.0, 323.0, 243.0], [47.0, 62.0, 116.0, 107.0, 61.0, 60.0, 112.0, 109.0, 112.0, 119.0, 113.0, 83.0, 78.0, 394.0, 0.0, 0.0, 0.0, 6.0, 7.0, 92.0, 288.0, 236.0, 293.0, 264.0, 172.0], [86.0, 86.0, 133.0, 156.0, 94.0, 96.0, 152.0, 162.0, 145.0, 161.0, 158.0, 119.0, 117.0, 0.0, 556.0, 0.0, 0.0, 8.0, 23.0, 205.0, 319.0, 324.0, 414.0, 360.0, 239.0], [121.0, 122.0, 177.0, 169.0, 116.0, 133.0, 189.0, 202.0, 181.0, 201.0, 211.0, 153.0, 140.0, 0.0, 0.0, 706.0, 0.0, 54.0, 71.0, 276.0, 304.0, 427.0, 525.0, 435.0, 281.0], [154.0, 178.0, 234.0, 211.0, 126.0, 170.0, 241.0, 249.0, 243.0, 249.0, 248.0, 208.0, 198.0, 0.0, 0.0, 0.0, 904.0, 124.0, 131.0, 307.0, 341.0, 548.0, 683.0, 565.0, 369.0], [23.0, 29.0, 39.0, 80.0, 21.0, 10.0, 60.0, 61.0, 61.0, 75.0, 68.0, 24.0, 25.0, 6.0, 8.0, 54.0, 124.0, 193.0, 0.0, 0.0, 0.0, 115.0, 159.0, 175.0, 82.0], [34.0, 33.0, 43.0, 97.0, 25.0, 10.0, 77.0, 76.0, 69.0, 83.0, 91.0, 34.0, 24.0, 7.0, 23.0, 71.0, 131.0, 0.0, 233.0, 0.0, 0.0, 134.0, 194.0, 215.0, 98.0], [139.0, 158.0, 226.0, 215.0, 142.0, 163.0, 212.0, 276.0, 229.0, 241.0, 254.0, 203.0, 182.0, 92.0, 205.0, 276.0, 307.0, 0.0, 0.0, 881.0, 0.0, 557.0, 650.0, 586.0, 334.0], [212.0, 228.0, 352.0, 251.0, 209.0, 276.0, 345.0, 309.0, 322.0, 331.0, 317.0, 302.0, 302.0, 288.0, 319.0, 304.0, 341.0, 0.0, 0.0, 0.0, 1253.0, 729.0, 912.0, 648.0, 547.0], [256.0, 289.0, 363.0, 387.0, 240.0, 278.0, 419.0, 446.0, 392.0, 450.0, 435.0, 328.0, 322.0, 236.0, 324.0, 427.0, 548.0, 115.0, 134.0, 557.0, 729.0, 1536.0, 1018.0, 960.0, 578.0], [335.0, 357.0, 384.0, 506.0, 333.0, 348.0, 528.0, 536.0, 503.0, 547.0, 535.0, 418.0, 415.0, 293.0, 414.0, 525.0, 683.0, 159.0, 194.0, 650.0, 912.0, 1018.0, 1916.0, 1212.0, 920.0], [258.0, 294.0, 425.0, 391.0, 256.0, 293.0, 431.0, 472.0, 428.0, 463.0, 473.0, 365.0, 323.0, 264.0, 360.0, 435.0, 565.0, 175.0, 215.0, 586.0, 648.0, 960.0, 1212.0, 1625.0, 662.0], [169.0, 163.0, 328.0, 235.0, 166.0, 194.0, 290.0, 309.0, 268.0, 298.0, 304.0, 216.0, 243.0, 172.0, 239.0, 281.0, 369.0, 82.0, 98.0, 334.0, 547.0, 578.0, 920.0, 662.0, 1062.0]], [[288.0, 0.0, 0.0, 0.0, 0.0, 52.0, 79.0, 75.0, 81.0, 73.0, 85.0, 64.0, 65.0, 47.0, 65.0, 87.0, 88.0, 18.0, 25.0, 97.0, 147.0, 88.0, 8.0, 183.0, 221.0], [0.0, 259.0, 0.0, 0.0, 0.0, 46.0, 74.0, 68.0, 70.0, 74.0, 68.0, 70.0, 46.0, 42.0, 62.0, 79.0, 75.0, 23.0, 24.0, 79.0, 132.0, 86.0, 9.0, 170.0, 190.0], [0.0, 0.0, 16.0, 0.0, 0.0, 1.0, 5.0, 7.0, 2.0, 4.0, 6.0, 3.0, 2.0, 2.0, 2.0, 3.0, 8.0, 2.0, 0.0, 6.0, 7.0, 0.0, 2.0, 10.0, 14.0], [0.0, 0.0, 0.0, 427.0, 0.0, 80.0, 115.0, 122.0, 109.0, 114.0, 129.0, 86.0, 97.0, 91.0, 104.0, 106.0, 125.0, 65.0, 85.0, 125.0, 151.0, 124.0, 15.0, 249.0, 315.0], [0.0, 0.0, 0.0, 0.0, 304.0, 50.0, 85.0, 85.0, 83.0, 103.0, 75.0, 58.0, 67.0, 46.0, 77.0, 77.0, 103.0, 18.0, 23.0, 100.0, 162.0, 94.0, 13.0, 198.0, 224.0], [52.0, 46.0, 1.0, 80.0, 50.0, 230.0, 0.0, 0.0, 0.0, 63.0, 75.0, 39.0, 52.0, 47.0, 53.0, 64.0, 65.0, 12.0, 13.0, 67.0, 137.0, 68.0, 7.0, 150.0, 163.0], [79.0, 74.0, 5.0, 115.0, 85.0, 0.0, 359.0, 0.0, 0.0, 107.0, 98.0, 82.0, 71.0, 59.0, 85.0, 108.0, 106.0, 38.0, 48.0, 118.0, 154.0, 114.0, 13.0, 232.0, 267.0], [75.0, 68.0, 7.0, 122.0, 85.0, 0.0, 0.0, 358.0, 0.0, 103.0, 97.0, 79.0, 78.0, 54.0, 88.0, 93.0, 122.0, 47.0, 45.0, 118.0, 147.0, 106.0, 18.0, 218.0, 274.0], [81.0, 70.0, 2.0, 109.0, 83.0, 0.0, 0.0, 0.0, 346.0, 95.0, 93.0, 81.0, 76.0, 68.0, 84.0, 87.0, 106.0, 29.0, 51.0, 104.0, 161.0, 104.0, 9.0, 210.0, 260.0], [73.0, 74.0, 4.0, 114.0, 103.0, 63.0, 107.0, 103.0, 95.0, 369.0, 0.0, 0.0, 0.0, 63.0, 90.0, 96.0, 119.0, 42.0, 46.0, 122.0, 158.0, 111.0, 13.0, 228.0, 276.0], [85.0, 68.0, 6.0, 129.0, 75.0, 75.0, 98.0, 97.0, 93.0, 0.0, 364.0, 0.0, 0.0, 76.0, 88.0, 89.0, 110.0, 44.0, 54.0, 105.0, 160.0, 110.0, 14.0, 225.0, 273.0], [64.0, 70.0, 3.0, 86.0, 58.0, 39.0, 82.0, 79.0, 81.0, 0.0, 0.0, 282.0, 0.0, 38.0, 73.0, 84.0, 86.0, 20.0, 27.0, 93.0, 141.0, 87.0, 6.0, 176.0, 205.0], [65.0, 46.0, 2.0, 97.0, 67.0, 52.0, 71.0, 78.0, 76.0, 0.0, 0.0, 0.0, 278.0, 51.0, 59.0, 83.0, 84.0, 20.0, 30.0, 87.0, 140.0, 84.0, 14.0, 181.0, 210.0], [47.0, 42.0, 2.0, 91.0, 46.0, 47.0, 59.0, 54.0, 68.0, 63.0, 76.0, 38.0, 51.0, 229.0, 0.0, 0.0, 0.0, 4.0, 7.0, 79.0, 138.0, 67.0, 4.0, 149.0, 173.0], [65.0, 62.0, 2.0, 104.0, 77.0, 53.0, 85.0, 88.0, 84.0, 90.0, 88.0, 73.0, 59.0, 0.0, 311.0, 0.0, 0.0, 20.0, 23.0, 99.0, 168.0, 93.0, 9.0, 191.0, 230.0], [87.0, 79.0, 3.0, 106.0, 77.0, 64.0, 108.0, 93.0, 87.0, 96.0, 89.0, 84.0, 83.0, 0.0, 0.0, 353.0, 0.0, 36.0, 55.0, 109.0, 152.0, 114.0, 13.0, 220.0, 280.0], [88.0, 75.0, 8.0, 125.0, 103.0, 65.0, 106.0, 122.0, 106.0, 119.0, 110.0, 86.0, 84.0, 0.0, 0.0, 0.0, 400.0, 66.0, 72.0, 120.0, 141.0, 118.0, 21.0, 250.0, 281.0], [18.0, 23.0, 2.0, 65.0, 18.0, 12.0, 38.0, 47.0, 29.0, 42.0, 44.0, 20.0, 20.0, 4.0, 20.0, 36.0, 66.0, 127.0, 0.0, 0.0, 0.0, 24.0, 10.0, 106.0, 107.0], [25.0, 24.0, 0.0, 85.0, 23.0, 13.0, 48.0, 45.0, 51.0, 46.0, 54.0, 27.0, 30.0, 7.0, 23.0, 55.0, 72.0, 0.0, 158.0, 0.0, 0.0, 40.0, 9.0, 128.0, 138.0], [97.0, 79.0, 6.0, 125.0, 100.0, 67.0, 118.0, 118.0, 104.0, 122.0, 105.0, 93.0, 87.0, 79.0, 99.0, 109.0, 120.0, 0.0, 0.0, 408.0, 0.0, 125.0, 12.0, 272.0, 290.0], [147.0, 132.0, 7.0, 151.0, 162.0, 137.0, 154.0, 147.0, 161.0, 158.0, 160.0, 141.0, 140.0, 138.0, 168.0, 152.0, 141.0, 0.0, 0.0, 0.0, 600.0, 203.0, 16.0, 304.0, 429.0], [88.0, 86.0, 0.0, 124.0, 94.0, 68.0, 114.0, 106.0, 104.0, 111.0, 110.0, 87.0, 84.0, 67.0, 93.0, 114.0, 118.0, 24.0, 40.0, 125.0, 203.0, 393.0, 3.0, 263.0, 391.0], [8.0, 9.0, 2.0, 15.0, 13.0, 7.0, 13.0, 18.0, 9.0, 13.0, 14.0, 6.0, 14.0, 4.0, 9.0, 13.0, 21.0, 10.0, 9.0, 12.0, 16.0, 3.0, 48.0, 33.0, 45.0], [183.0, 170.0, 10.0, 249.0, 198.0, 150.0, 232.0, 218.0, 210.0, 228.0, 225.0, 176.0, 181.0, 149.0, 191.0, 220.0, 250.0, 106.0, 128.0, 272.0, 304.0, 263.0, 33.0, 811.0, 617.0], [221.0, 190.0, 14.0, 315.0, 224.0, 163.0, 267.0, 274.0, 260.0, 276.0, 273.0, 205.0, 210.0, 173.0, 230.0, 280.0, 281.0, 107.0, 138.0, 290.0, 429.0, 391.0, 45.0, 617.0, 965.0]], [[259.0, 0.0, 0.0, 0.0, 0.0, 79.0, 58.0, 56.0, 65.0, 59.0, 61.0, 71.0, 67.0, 85.0, 50.0, 64.0, 59.0, 95.0, 116.0, 40.0, 7.0, 244.0, 2.0, 104.0, 127.0], [0.0, 255.0, 0.0, 0.0, 0.0, 72.0, 70.0, 52.0, 60.0, 59.0, 52.0, 80.0, 63.0, 93.0, 64.0, 49.0, 48.0, 82.0, 125.0, 45.0, 2.0, 215.0, 1.0, 119.0, 139.0], [0.0, 0.0, 4.0, 0.0, 0.0, 0.0, 2.0, 1.0, 0.0, 1.0, 0.0, 1.0, 1.0, 0.0, 0.0, 1.0, 2.0, 1.0, 2.0, 0.0, 0.0, 2.0, 1.0, 2.0, 2.0], [0.0, 0.0, 0.0, 139.0, 0.0, 44.0, 32.0, 32.0, 30.0, 29.0, 26.0, 44.0, 39.0, 61.0, 39.0, 27.0, 11.0, 79.0, 53.0, 5.0, 1.0, 132.0, 2.0, 33.0, 72.0], [0.0, 0.0, 0.0, 0.0, 254.0, 67.0, 54.0, 66.0, 66.0, 60.0, 51.0, 74.0, 68.0, 86.0, 73.0, 60.0, 34.0, 102.0, 95.0, 44.0, 12.0, 236.0, 1.0, 83.0, 116.0], [79.0, 72.0, 0.0, 44.0, 67.0, 263.0, 0.0, 0.0, 0.0, 53.0, 64.0, 73.0, 72.0, 80.0, 80.0, 55.0, 47.0, 100.0, 95.0, 51.0, 16.0, 241.0, 2.0, 107.0, 143.0], [58.0, 70.0, 2.0, 32.0, 54.0, 0.0, 217.0, 0.0, 0.0, 49.0, 43.0, 61.0, 63.0, 77.0, 53.0, 51.0, 35.0, 94.0, 96.0, 25.0, 1.0, 201.0, 2.0, 82.0, 106.0], [56.0, 52.0, 1.0, 32.0, 66.0, 0.0, 0.0, 208.0, 0.0, 48.0, 39.0, 70.0, 50.0, 83.0, 51.0, 46.0, 27.0, 77.0, 92.0, 35.0, 3.0, 196.0, 2.0, 67.0, 100.0], [65.0, 60.0, 0.0, 30.0, 66.0, 0.0, 0.0, 0.0, 222.0, 58.0, 44.0, 66.0, 53.0, 85.0, 42.0, 49.0, 45.0, 88.0, 108.0, 23.0, 2.0, 191.0, 1.0, 85.0, 107.0], [59.0, 59.0, 1.0, 29.0, 60.0, 53.0, 49.0, 48.0, 58.0, 209.0, 0.0, 0.0, 0.0, 78.0, 58.0, 39.0, 33.0, 93.0, 89.0, 25.0, 1.0, 190.0, 2.0, 75.0, 111.0], [61.0, 52.0, 0.0, 26.0, 51.0, 64.0, 43.0, 39.0, 44.0, 0.0, 191.0, 0.0, 0.0, 71.0, 50.0, 41.0, 28.0, 67.0, 101.0, 20.0, 2.0, 177.0, 1.0, 68.0, 94.0], [71.0, 80.0, 1.0, 44.0, 74.0, 73.0, 61.0, 70.0, 66.0, 0.0, 0.0, 271.0, 0.0, 94.0, 65.0, 64.0, 47.0, 108.0, 107.0, 48.0, 7.0, 244.0, 1.0, 101.0, 129.0], [67.0, 63.0, 1.0, 39.0, 68.0, 72.0, 63.0, 50.0, 53.0, 0.0, 0.0, 0.0, 239.0, 82.0, 53.0, 57.0, 46.0, 91.0, 94.0, 41.0, 12.0, 218.0, 3.0, 97.0, 122.0], [85.0, 93.0, 0.0, 61.0, 86.0, 80.0, 77.0, 83.0, 85.0, 78.0, 71.0, 94.0, 82.0, 326.0, 0.0, 0.0, 0.0, 125.0, 126.0, 60.0, 14.0, 290.0, 1.0, 131.0, 172.0], [50.0, 64.0, 0.0, 39.0, 73.0, 80.0, 53.0, 51.0, 42.0, 58.0, 50.0, 65.0, 53.0, 0.0, 227.0, 0.0, 0.0, 88.0, 94.0, 39.0, 5.0, 211.0, 2.0, 81.0, 113.0], [64.0, 49.0, 1.0, 27.0, 60.0, 55.0, 51.0, 46.0, 49.0, 39.0, 41.0, 64.0, 57.0, 0.0, 0.0, 202.0, 0.0, 80.0, 94.0, 25.0, 2.0, 187.0, 2.0, 76.0, 99.0], [59.0, 48.0, 2.0, 11.0, 34.0, 47.0, 35.0, 27.0, 45.0, 33.0, 28.0, 47.0, 46.0, 0.0, 0.0, 0.0, 155.0, 66.0, 77.0, 10.0, 1.0, 141.0, 2.0, 53.0, 72.0], [95.0, 82.0, 1.0, 79.0, 102.0, 100.0, 94.0, 77.0, 88.0, 93.0, 67.0, 108.0, 91.0, 125.0, 88.0, 80.0, 66.0, 360.0, 0.0, 0.0, 0.0, 336.0, 4.0, 144.0, 182.0], [116.0, 125.0, 2.0, 53.0, 95.0, 95.0, 96.0, 92.0, 108.0, 89.0, 101.0, 107.0, 94.0, 126.0, 94.0, 94.0, 77.0, 0.0, 392.0, 0.0, 0.0, 348.0, 2.0, 165.0, 188.0], [40.0, 45.0, 0.0, 5.0, 44.0, 51.0, 25.0, 35.0, 23.0, 25.0, 20.0, 48.0, 41.0, 60.0, 39.0, 25.0, 10.0, 0.0, 0.0, 135.0, 0.0, 125.0, 1.0, 31.0, 78.0], [7.0, 2.0, 0.0, 1.0, 12.0, 16.0, 1.0, 3.0, 2.0, 1.0, 2.0, 7.0, 12.0, 14.0, 5.0, 2.0, 1.0, 0.0, 0.0, 0.0, 23.0, 20.0, 0.0, 1.0, 8.0], [244.0, 215.0, 2.0, 132.0, 236.0, 241.0, 201.0, 196.0, 191.0, 190.0, 177.0, 244.0, 218.0, 290.0, 211.0, 187.0, 141.0, 336.0, 348.0, 125.0, 20.0, 830.0, 4.0, 304.0, 426.0], [2.0, 1.0, 1.0, 2.0, 1.0, 2.0, 2.0, 2.0, 1.0, 2.0, 1.0, 1.0, 3.0, 1.0, 2.0, 2.0, 2.0, 4.0, 2.0, 1.0, 0.0, 4.0, 8.0, 3.0, 6.0], [104.0, 119.0, 2.0, 33.0, 83.0, 107.0, 82.0, 67.0, 85.0, 75.0, 68.0, 101.0, 97.0, 131.0, 81.0, 76.0, 53.0, 144.0, 165.0, 31.0, 1.0, 304.0, 3.0, 342.0, 166.0], [127.0, 139.0, 2.0, 72.0, 116.0, 143.0, 106.0, 100.0, 107.0, 111.0, 94.0, 129.0, 122.0, 172.0, 113.0, 99.0, 72.0, 182.0, 188.0, 78.0, 8.0, 426.0, 6.0, 166.0, 457.0]], [[114.0, 0.0, 0.0, 0.0, 0.0, 39.0, 28.0, 24.0, 22.0, 23.0, 29.0, 29.0, 32.0, 43.0, 33.0, 20.0, 17.0, 48.0, 36.0, 27.0, 2.0, 3.0, 3.0, 33.0, 47.0], [0.0, 152.0, 0.0, 0.0, 0.0, 46.0, 38.0, 40.0, 27.0, 37.0, 33.0, 37.0, 44.0, 51.0, 34.0, 37.0, 29.0, 62.0, 61.0, 24.0, 4.0, 1.0, 3.0, 53.0, 63.0], [0.0, 0.0, 111.0, 0.0, 0.0, 35.0, 23.0, 28.0, 24.0, 32.0, 29.0, 27.0, 22.0, 35.0, 36.0, 23.0, 16.0, 48.0, 37.0, 18.0, 7.0, 5.0, 2.0, 31.0, 55.0], [0.0, 0.0, 0.0, 62.0, 0.0, 21.0, 16.0, 16.0, 8.0, 15.0, 11.0, 19.0, 16.0, 25.0, 18.0, 12.0, 6.0, 32.0, 23.0, 6.0, 0.0, 1.0, 2.0, 15.0, 22.0], [0.0, 0.0, 0.0, 0.0, 94.0, 32.0, 24.0, 16.0, 21.0, 23.0, 21.0, 21.0, 28.0, 33.0, 27.0, 17.0, 16.0, 41.0, 37.0, 11.0, 4.0, 1.0, 2.0, 29.0, 40.0], [39.0, 46.0, 35.0, 21.0, 32.0, 174.0, 0.0, 0.0, 0.0, 44.0, 45.0, 41.0, 43.0, 60.0, 46.0, 36.0, 31.0, 62.0, 62.0, 38.0, 11.0, 1.0, 2.0, 58.0, 69.0], [28.0, 38.0, 23.0, 16.0, 24.0, 0.0, 130.0, 0.0, 0.0, 35.0, 29.0, 32.0, 33.0, 47.0, 39.0, 25.0, 18.0, 61.0, 47.0, 20.0, 1.0, 2.0, 3.0, 37.0, 59.0], [24.0, 40.0, 28.0, 16.0, 16.0, 0.0, 0.0, 125.0, 0.0, 24.0, 26.0, 36.0, 38.0, 39.0, 37.0, 29.0, 19.0, 61.0, 46.0, 14.0, 3.0, 4.0, 4.0, 38.0, 52.0], [22.0, 27.0, 24.0, 8.0, 21.0, 0.0, 0.0, 0.0, 103.0, 27.0, 23.0, 24.0, 28.0, 41.0, 26.0, 19.0, 16.0, 47.0, 39.0, 14.0, 2.0, 4.0, 3.0, 28.0, 47.0], [23.0, 37.0, 32.0, 15.0, 23.0, 44.0, 35.0, 24.0, 27.0, 131.0, 0.0, 0.0, 0.0, 44.0, 39.0, 30.0, 17.0, 62.0, 47.0, 18.0, 3.0, 3.0, 1.0, 40.0, 52.0], [29.0, 33.0, 29.0, 11.0, 21.0, 45.0, 29.0, 26.0, 23.0, 0.0, 124.0, 0.0, 0.0, 50.0, 33.0, 24.0, 16.0, 46.0, 54.0, 22.0, 1.0, 2.0, 3.0, 34.0, 59.0], [29.0, 37.0, 27.0, 19.0, 21.0, 41.0, 32.0, 36.0, 24.0, 0.0, 0.0, 134.0, 0.0, 41.0, 40.0, 27.0, 25.0, 64.0, 41.0, 18.0, 10.0, 3.0, 3.0, 39.0, 57.0], [32.0, 44.0, 22.0, 16.0, 28.0, 43.0, 33.0, 38.0, 28.0, 0.0, 0.0, 0.0, 143.0, 52.0, 36.0, 28.0, 26.0, 59.0, 52.0, 28.0, 3.0, 3.0, 5.0, 48.0, 59.0], [43.0, 51.0, 35.0, 25.0, 33.0, 60.0, 47.0, 39.0, 41.0, 44.0, 50.0, 41.0, 52.0, 188.0, 0.0, 0.0, 0.0, 80.0, 56.0, 42.0, 9.0, 3.0, 4.0, 65.0, 96.0], [33.0, 34.0, 36.0, 18.0, 27.0, 46.0, 39.0, 37.0, 26.0, 39.0, 33.0, 40.0, 36.0, 0.0, 149.0, 0.0, 0.0, 59.0, 57.0, 26.0, 6.0, 2.0, 2.0, 43.0, 59.0], [20.0, 37.0, 23.0, 12.0, 17.0, 36.0, 25.0, 29.0, 19.0, 30.0, 24.0, 27.0, 28.0, 0.0, 0.0, 110.0, 0.0, 53.0, 41.0, 13.0, 2.0, 4.0, 3.0, 31.0, 46.0], [17.0, 29.0, 16.0, 6.0, 16.0, 31.0, 18.0, 19.0, 16.0, 17.0, 16.0, 25.0, 26.0, 0.0, 0.0, 0.0, 85.0, 39.0, 40.0, 5.0, 0.0, 2.0, 3.0, 22.0, 26.0], [48.0, 62.0, 48.0, 32.0, 41.0, 62.0, 61.0, 61.0, 47.0, 62.0, 46.0, 64.0, 59.0, 80.0, 59.0, 53.0, 39.0, 232.0, 0.0, 0.0, 0.0, 4.0, 4.0, 83.0, 104.0], [36.0, 61.0, 37.0, 23.0, 37.0, 62.0, 47.0, 46.0, 39.0, 47.0, 54.0, 41.0, 52.0, 56.0, 57.0, 41.0, 40.0, 0.0, 195.0, 0.0, 0.0, 1.0, 3.0, 61.0, 87.0], [27.0, 24.0, 18.0, 6.0, 11.0, 38.0, 20.0, 14.0, 14.0, 18.0, 22.0, 18.0, 28.0, 42.0, 26.0, 13.0, 5.0, 0.0, 0.0, 87.0, 0.0, 4.0, 5.0, 16.0, 30.0], [2.0, 4.0, 7.0, 0.0, 4.0, 11.0, 1.0, 3.0, 2.0, 3.0, 1.0, 10.0, 3.0, 9.0, 6.0, 2.0, 0.0, 0.0, 0.0, 0.0, 18.0, 2.0, 0.0, 1.0, 6.0], [3.0, 1.0, 5.0, 1.0, 1.0, 1.0, 2.0, 4.0, 4.0, 3.0, 2.0, 3.0, 3.0, 3.0, 2.0, 4.0, 2.0, 4.0, 1.0, 4.0, 2.0, 12.0, 2.0, 5.0, 5.0], [3.0, 3.0, 2.0, 2.0, 2.0, 2.0, 3.0, 4.0, 3.0, 1.0, 3.0, 3.0, 5.0, 4.0, 2.0, 3.0, 3.0, 4.0, 3.0, 5.0, 0.0, 2.0, 13.0, 8.0, 4.0], [33.0, 53.0, 31.0, 15.0, 29.0, 58.0, 37.0, 38.0, 28.0, 40.0, 34.0, 39.0, 48.0, 65.0, 43.0, 31.0, 22.0, 83.0, 61.0, 16.0, 1.0, 5.0, 8.0, 162.0, 61.0], [47.0, 63.0, 55.0, 22.0, 40.0, 69.0, 59.0, 52.0, 47.0, 52.0, 59.0, 57.0, 59.0, 96.0, 59.0, 46.0, 26.0, 104.0, 87.0, 30.0, 6.0, 5.0, 4.0, 61.0, 228.0]], [[451.0, 0.0, 0.0, 0.0, 0.0, 140.0, 101.0, 108.0, 101.0, 98.0, 79.0, 130.0, 143.0, 134.0, 143.0, 94.0, 79.0, 177.0, 188.0, 73.0, 12.0, 247.0, 442.0, 159.0, 218.0], [0.0, 442.0, 0.0, 0.0, 0.0, 139.0, 108.0, 94.0, 100.0, 110.0, 92.0, 110.0, 129.0, 140.0, 125.0, 94.0, 82.0, 152.0, 197.0, 84.0, 8.0, 240.0, 429.0, 156.0, 238.0], [0.0, 0.0, 646.0, 0.0, 0.0, 206.0, 136.0, 156.0, 147.0, 149.0, 139.0, 179.0, 178.0, 202.0, 189.0, 160.0, 94.0, 237.0, 262.0, 131.0, 15.0, 410.0, 438.0, 261.0, 305.0], [0.0, 0.0, 0.0, 267.0, 0.0, 88.0, 53.0, 55.0, 70.0, 58.0, 51.0, 74.0, 83.0, 104.0, 85.0, 54.0, 23.0, 119.0, 125.0, 22.0, 0.0, 131.0, 260.0, 82.0, 126.0], [0.0, 0.0, 0.0, 0.0, 406.0, 122.0, 82.0, 119.0, 82.0, 83.0, 90.0, 101.0, 131.0, 131.0, 121.0, 95.0, 58.0, 157.0, 174.0, 65.0, 9.0, 203.0, 397.0, 158.0, 201.0], [140.0, 139.0, 206.0, 88.0, 122.0, 696.0, 0.0, 0.0, 0.0, 162.0, 146.0, 186.0, 201.0, 204.0, 194.0, 166.0, 131.0, 240.0, 266.0, 150.0, 39.0, 391.0, 610.0, 298.0, 357.0], [101.0, 108.0, 136.0, 53.0, 82.0, 0.0, 481.0, 0.0, 0.0, 107.0, 93.0, 128.0, 152.0, 156.0, 153.0, 98.0, 73.0, 199.0, 203.0, 75.0, 3.0, 276.0, 436.0, 152.0, 227.0], [108.0, 94.0, 156.0, 55.0, 119.0, 0.0, 0.0, 533.0, 0.0, 113.0, 114.0, 149.0, 156.0, 158.0, 175.0, 126.0, 73.0, 204.0, 249.0, 77.0, 2.0, 289.0, 474.0, 183.0, 263.0], [101.0, 100.0, 147.0, 70.0, 82.0, 0.0, 0.0, 0.0, 501.0, 116.0, 98.0, 131.0, 155.0, 193.0, 141.0, 107.0, 59.0, 199.0, 228.0, 73.0, 0.0, 275.0, 446.0, 183.0, 241.0], [98.0, 110.0, 149.0, 58.0, 83.0, 162.0, 107.0, 113.0, 116.0, 499.0, 0.0, 0.0, 0.0, 173.0, 166.0, 92.0, 67.0, 190.0, 233.0, 69.0, 6.0, 279.0, 443.0, 180.0, 246.0], [79.0, 92.0, 139.0, 51.0, 90.0, 146.0, 93.0, 114.0, 98.0, 0.0, 452.0, 0.0, 0.0, 155.0, 146.0, 79.0, 71.0, 178.0, 205.0, 66.0, 2.0, 259.0, 403.0, 164.0, 227.0], [130.0, 110.0, 179.0, 74.0, 101.0, 186.0, 128.0, 149.0, 131.0, 0.0, 0.0, 595.0, 0.0, 176.0, 176.0, 152.0, 90.0, 227.0, 240.0, 106.0, 21.0, 326.0, 533.0, 235.0, 298.0], [143.0, 129.0, 178.0, 83.0, 131.0, 201.0, 152.0, 156.0, 155.0, 0.0, 0.0, 0.0, 665.0, 207.0, 175.0, 174.0, 108.0, 247.0, 268.0, 134.0, 15.0, 367.0, 587.0, 237.0, 317.0], [134.0, 140.0, 202.0, 104.0, 131.0, 204.0, 156.0, 158.0, 193.0, 173.0, 155.0, 176.0, 207.0, 712.0, 0.0, 0.0, 0.0, 250.0, 274.0, 161.0, 26.0, 398.0, 635.0, 295.0, 344.0], [143.0, 125.0, 189.0, 85.0, 121.0, 194.0, 153.0, 175.0, 141.0, 166.0, 146.0, 176.0, 175.0, 0.0, 664.0, 0.0, 0.0, 249.0, 286.0, 113.0, 15.0, 377.0, 593.0, 286.0, 328.0], [94.0, 94.0, 160.0, 54.0, 95.0, 166.0, 98.0, 126.0, 107.0, 92.0, 79.0, 152.0, 174.0, 0.0, 0.0, 498.0, 0.0, 194.0, 215.0, 86.0, 2.0, 275.0, 436.0, 162.0, 257.0], [79.0, 82.0, 94.0, 23.0, 58.0, 131.0, 73.0, 73.0, 59.0, 67.0, 71.0, 90.0, 108.0, 0.0, 0.0, 0.0, 337.0, 149.0, 171.0, 15.0, 1.0, 181.0, 302.0, 73.0, 159.0], [177.0, 152.0, 237.0, 119.0, 157.0, 240.0, 199.0, 204.0, 199.0, 190.0, 178.0, 227.0, 247.0, 250.0, 249.0, 194.0, 149.0, 843.0, 0.0, 0.0, 0.0, 478.0, 748.0, 369.0, 408.0], [188.0, 197.0, 262.0, 125.0, 174.0, 266.0, 203.0, 249.0, 228.0, 233.0, 205.0, 240.0, 268.0, 274.0, 286.0, 215.0, 171.0, 0.0, 947.0, 0.0, 0.0, 515.0, 846.0, 383.0, 464.0], [73.0, 84.0, 131.0, 22.0, 65.0, 150.0, 75.0, 77.0, 73.0, 69.0, 66.0, 106.0, 134.0, 161.0, 113.0, 86.0, 15.0, 0.0, 0.0, 376.0, 0.0, 215.0, 336.0, 62.0, 192.0], [12.0, 8.0, 15.0, 0.0, 9.0, 39.0, 3.0, 2.0, 0.0, 6.0, 2.0, 21.0, 15.0, 26.0, 15.0, 2.0, 1.0, 0.0, 0.0, 0.0, 45.0, 23.0, 36.0, 2.0, 24.0], [247.0, 240.0, 410.0, 131.0, 203.0, 391.0, 276.0, 289.0, 275.0, 279.0, 259.0, 326.0, 367.0, 398.0, 377.0, 275.0, 181.0, 478.0, 515.0, 215.0, 23.0, 1232.0, 997.0, 459.0, 608.0], [442.0, 429.0, 438.0, 260.0, 397.0, 610.0, 436.0, 474.0, 446.0, 443.0, 403.0, 533.0, 587.0, 635.0, 593.0, 436.0, 302.0, 748.0, 846.0, 336.0, 36.0, 997.0, 1967.0, 714.0, 975.0], [159.0, 156.0, 261.0, 82.0, 158.0, 298.0, 152.0, 183.0, 183.0, 180.0, 164.0, 235.0, 237.0, 295.0, 286.0, 162.0, 73.0, 369.0, 383.0, 62.0, 2.0, 459.0, 714.0, 817.0, 427.0], [218.0, 238.0, 305.0, 126.0, 201.0, 357.0, 227.0, 263.0, 241.0, 246.0, 227.0, 298.0, 317.0, 344.0, 328.0, 257.0, 159.0, 408.0, 464.0, 192.0, 24.0, 608.0, 975.0, 427.0, 1089.0]], [[137.0, 0.0, 0.0, 0.0, 0.0, 44.0, 29.0, 27.0, 36.0, 29.0, 31.0, 38.0, 38.0, 44.0, 37.0, 36.0, 19.0, 45.0, 59.0, 29.0, 3.0, 2.0, 5.0, 61.0, 56.0], [0.0, 6.0, 0.0, 0.0, 0.0, 3.0, 1.0, 1.0, 0.0, 1.0, 2.0, 1.0, 1.0, 2.0, 1.0, 1.0, 1.0, 1.0, 2.0, 2.0, 0.0, 1.0, 1.0, 2.0, 2.0], [0.0, 0.0, 185.0, 0.0, 0.0, 50.0, 43.0, 47.0, 44.0, 50.0, 45.0, 52.0, 37.0, 55.0, 50.0, 55.0, 24.0, 56.0, 87.0, 33.0, 8.0, 3.0, 2.0, 85.0, 92.0], [0.0, 0.0, 0.0, 66.0, 0.0, 19.0, 16.0, 13.0, 17.0, 14.0, 13.0, 20.0, 18.0, 24.0, 22.0, 13.0, 6.0, 24.0, 35.0, 6.0, 0.0, 2.0, 2.0, 20.0, 22.0], [0.0, 0.0, 0.0, 0.0, 125.0, 37.0, 30.0, 25.0, 32.0, 27.0, 29.0, 33.0, 35.0, 40.0, 31.0, 30.0, 23.0, 42.0, 62.0, 17.0, 3.0, 2.0, 4.0, 54.0, 53.0], [44.0, 3.0, 50.0, 19.0, 37.0, 154.0, 0.0, 0.0, 0.0, 39.0, 42.0, 39.0, 33.0, 47.0, 39.0, 43.0, 24.0, 40.0, 69.0, 36.0, 8.0, 5.0, 6.0, 73.0, 65.0], [29.0, 1.0, 43.0, 16.0, 30.0, 0.0, 120.0, 0.0, 0.0, 28.0, 23.0, 36.0, 32.0, 39.0, 34.0, 29.0, 17.0, 43.0, 56.0, 18.0, 2.0, 1.0, 4.0, 45.0, 53.0], [27.0, 1.0, 47.0, 13.0, 25.0, 0.0, 0.0, 114.0, 0.0, 20.0, 23.0, 39.0, 31.0, 32.0, 30.0, 33.0, 18.0, 43.0, 53.0, 15.0, 2.0, 2.0, 3.0, 49.0, 51.0], [36.0, 0.0, 44.0, 17.0, 32.0, 0.0, 0.0, 0.0, 130.0, 34.0, 32.0, 30.0, 33.0, 47.0, 38.0, 30.0, 14.0, 42.0, 67.0, 18.0, 2.0, 2.0, 1.0, 55.0, 56.0], [29.0, 1.0, 50.0, 14.0, 27.0, 39.0, 28.0, 20.0, 34.0, 122.0, 0.0, 0.0, 0.0, 37.0, 33.0, 36.0, 15.0, 40.0, 64.0, 16.0, 1.0, 2.0, 3.0, 57.0, 49.0], [31.0, 2.0, 45.0, 13.0, 29.0, 42.0, 23.0, 23.0, 32.0, 0.0, 121.0, 0.0, 0.0, 44.0, 28.0, 33.0, 15.0, 36.0, 63.0, 19.0, 2.0, 3.0, 7.0, 50.0, 57.0], [38.0, 1.0, 52.0, 20.0, 33.0, 39.0, 36.0, 39.0, 30.0, 0.0, 0.0, 145.0, 0.0, 41.0, 42.0, 36.0, 25.0, 52.0, 60.0, 24.0, 8.0, 2.0, 1.0, 63.0, 66.0], [38.0, 1.0, 37.0, 18.0, 35.0, 33.0, 32.0, 31.0, 33.0, 0.0, 0.0, 0.0, 130.0, 43.0, 38.0, 30.0, 18.0, 40.0, 58.0, 28.0, 3.0, 3.0, 3.0, 52.0, 53.0], [44.0, 2.0, 55.0, 24.0, 40.0, 47.0, 39.0, 32.0, 47.0, 37.0, 44.0, 41.0, 43.0, 166.0, 0.0, 0.0, 0.0, 48.0, 68.0, 39.0, 10.0, 2.0, 3.0, 85.0, 81.0], [37.0, 1.0, 50.0, 22.0, 31.0, 39.0, 34.0, 30.0, 38.0, 33.0, 28.0, 42.0, 38.0, 0.0, 142.0, 0.0, 0.0, 43.0, 68.0, 27.0, 3.0, 4.0, 4.0, 59.0, 60.0], [36.0, 1.0, 55.0, 13.0, 30.0, 43.0, 29.0, 33.0, 30.0, 36.0, 33.0, 36.0, 30.0, 0.0, 0.0, 136.0, 0.0, 49.0, 72.0, 13.0, 1.0, 3.0, 3.0, 54.0, 60.0], [19.0, 1.0, 24.0, 6.0, 23.0, 24.0, 17.0, 18.0, 14.0, 15.0, 15.0, 25.0, 18.0, 0.0, 0.0, 0.0, 74.0, 28.0, 37.0, 8.0, 0.0, 1.0, 4.0, 24.0, 24.0], [45.0, 1.0, 56.0, 24.0, 42.0, 40.0, 43.0, 43.0, 42.0, 40.0, 36.0, 52.0, 40.0, 48.0, 43.0, 49.0, 28.0, 169.0, 0.0, 0.0, 0.0, 3.0, 4.0, 82.0, 76.0], [59.0, 2.0, 87.0, 35.0, 62.0, 69.0, 56.0, 53.0, 67.0, 64.0, 63.0, 60.0, 58.0, 68.0, 68.0, 72.0, 37.0, 0.0, 246.0, 0.0, 0.0, 3.0, 5.0, 111.0, 113.0], [29.0, 2.0, 33.0, 6.0, 17.0, 36.0, 18.0, 15.0, 18.0, 16.0, 19.0, 24.0, 28.0, 39.0, 27.0, 13.0, 8.0, 0.0, 0.0, 88.0, 0.0, 3.0, 3.0, 27.0, 30.0], [3.0, 0.0, 8.0, 0.0, 3.0, 8.0, 2.0, 2.0, 2.0, 1.0, 2.0, 8.0, 3.0, 10.0, 3.0, 1.0, 0.0, 0.0, 0.0, 0.0, 15.0, 1.0, 2.0, 2.0, 6.0], [2.0, 1.0, 3.0, 2.0, 2.0, 5.0, 1.0, 2.0, 2.0, 2.0, 3.0, 2.0, 3.0, 2.0, 4.0, 3.0, 1.0, 3.0, 3.0, 3.0, 1.0, 11.0, 4.0, 4.0, 6.0], [5.0, 1.0, 2.0, 2.0, 4.0, 6.0, 4.0, 3.0, 1.0, 3.0, 7.0, 1.0, 3.0, 3.0, 4.0, 3.0, 4.0, 4.0, 5.0, 3.0, 2.0, 4.0, 15.0, 6.0, 7.0], [61.0, 2.0, 85.0, 20.0, 54.0, 73.0, 45.0, 49.0, 55.0, 57.0, 50.0, 63.0, 52.0, 85.0, 59.0, 54.0, 24.0, 82.0, 111.0, 27.0, 2.0, 4.0, 6.0, 223.0, 83.0], [56.0, 2.0, 92.0, 22.0, 53.0, 65.0, 53.0, 51.0, 56.0, 49.0, 57.0, 66.0, 53.0, 81.0, 60.0, 60.0, 24.0, 76.0, 113.0, 30.0, 6.0, 6.0, 7.0, 83.0, 226.0]]], "bs": [[580.8281292314499, 779.191708666037, 1199.0536985279543, 1100.0196783373021, 573.2753263797615, 679.895710965243, 1190.4812838905111, 1216.5052478662515, 1145.4862984205006, 1201.406469385959, 1178.179593355283, 946.1565821495213, 906.6258962517412, 723.7301619378416, 945.5824121111714, 1129.4649177265078, 1433.5910493669846, 301.590253939416, 364.9287930221591, 1209.8757311551567, 2355.9737630257728, 2642.012542114121, 3266.1883309081036, 2827.8200125814797, 1806.9507830553132], [326.2703824480987, 370.8633255726868, 18.109653509239394, 600.5676491179476, 350.28102516050507, 259.7194413414021, 474.72027659967114, 471.59697696391487, 460.05534090348925, 464.6763207765696, 463.2392762794213, 371.43258935742534, 366.743849395061, 318.90952711366776, 414.11627477432637, 450.13350082164516, 482.9327330988382, 154.61122357622335, 193.6904066520132, 412.07674576882545, 905.7136598114159, 556.0557933504305, 61.80887880134284, 1120.790576369945, 1312.370306743289], [311.1654994153326, 384.57231442344994, 3.0806983436053788, 193.24930011136024, 310.2294617621794, 330.99124775375674, 297.29483529222887, 278.8236852718576, 295.1875057380844, 262.4901208588682, 239.5404713308229, 376.31165044877713, 323.95503141745905, 496.26864585271886, 305.30862453446355, 239.19034657831756, 161.52965709042735, 507.0601958773995, 548.5832226942683, 125.73250511464578, 20.921350369613986, 1111.9009110705915, 7.5339706971028555, 478.63337225930195, 609.5207556585194], [105.41546572457645, 186.5037768636938, 155.7489006541852, 65.0761745922753, 90.36678240570045, 184.2141999497884, 149.17374388218457, 150.0128397991645, 119.71031660929371, 140.7660821307951, 132.6735004041071, 159.86721771503503, 169.80429999049403, 245.42353828377435, 172.1300398996364, 111.150209932683, 74.40731212433742, 288.6079632692256, 235.48312716528892, 63.482146518086736, 15.537863287830199, 10.559512971465393, 11.685330584447598, 196.4825809345801, 273.9424862149633], [681.2382518518644, 787.0181835555563, 1218.013049481182, 429.56499238648894, 610.0856786616962, 1121.6618734635454, 828.8291887432849, 903.7688821901933, 871.6602115397642, 813.1449336787555, 731.8265757736591, 1037.7800562592502, 1143.168590225124, 1331.8922954964908, 1141.8292521028181, 773.6451565707061, 478.55345176677406, 1492.5900186508115, 1674.687846042679, 497.5516414563557, 61.09064978694496, 2222.127573350334, 3319.2068123204804, 1468.6476337898544, 1833.78456476298], [126.17568293300377, 3.968650159229604, 260.80183070069944, 69.19880361426965, 118.65612684211247, 157.6009266172772, 137.60548779915695, 134.25379970167776, 149.34088013120305, 130.53377116645134, 126.77570383091847, 171.2678950437367, 150.22372420820847, 213.78282620907535, 164.39586588786145, 140.9470783149006, 59.67532383747762, 203.63189640094143, 297.51571898687826, 64.11667181701951, 13.536807044475536, 9.309420060538685, 11.206544801353669, 267.80291592217884, 268.6751663418538]]}